%%%% for the space on the table
\renewcommand{\arraystretch}{1.3}

\begin{table}[htbp!]\centering
\def\sym#1{\ifmmode^{#1}\else\(^{#1}\)\fi}
\caption{Shipping Cost Persistence}
\begin{tabular}{l*{1}{ccccccccccc}}
\hline
\multicolumn{12}{c}{\textbf{Panel A: Transition across Shipping Cost Quintiles}} \\
\hline
\multicolumn{7}{c}{from year t-1 to year t}&\multicolumn{5}{c}{from year t-1 to year t}\\
\cline{2-6}\cline{8-12}
&$Q^{1}_{t}$&$Q^{2}_{t}$&$Q^{3}_{t}$&$Q^{4}_{t}$&$Q^{5}_{t}$&&$Q^{1}_{t}$&$Q^{2}_{t}$&$Q^{3}_{t}$&$Q^{4}_{t}$&$Q^{5}_{t}$\\
\hline
$Q^{1}_{t-1}$	&	0.866	&	0.112	&	0.013	&	0.003	&	0.006
& $Q^{1}_{t-5}$	&	0.760	&	0.163	&	0.044	&	0.018	&	0.015	\\
$Q^{2}_{t-1}$	&	0.113	&	0.734	&	0.137	&	0.014	&	0.002
&$Q^{2}_{t-5}$	&	0.154	&	0.574	&	0.212	&	0.045	&	0.014	\\
$Q^{3}_{t-1}$	&	0.010	&	0.138	&	0.684	&	0.159	&	0.010
&$Q^{3}_{t-5}$	&	0.039	&	0.207	&	0.493	&	0.225	&	0.036	\\
$Q^{4}_{t-1}$	&	0.004	&	0.012	&	0.155	&	0.709	&	0.120
&$Q^{4}_{t-5}$	&	0.014	&	0.047	&	0.207	&	0.550	&	0.182	\\
$Q^{5}_{t-1}$	&	0.003	&	0.005	&	0.015	&	0.119	&	0.858
&$Q^{5}_{t-5}$	&	0.015	&	0.018	&	0.054	&	0.185	&	0.728	\\

\hline
\multicolumn{12}{c}{\textbf{Panel B: Transition across Weight-to-Value Quintiles}} \\
\hline
\multicolumn{7}{c}{from year t-1 to year t}&\multicolumn{5}{c}{from year t-1 to year t}\\
\cline{2-6}\cline{8-12}
&$Q^{1}_{t}$&$Q^{2}_{t}$&$Q^{3}_{t}$&$Q^{4}_{t}$&$Q^{5}_{t}$&&$Q^{1}_{t}$&$Q^{2}_{t}$&$Q^{3}_{t}$&$Q^{4}_{t}$&$Q^{5}_{t}$\\
\hline
$Q^{1}_{t-1}$	&	0.946	&	0.047	&	0.003	&	0.001	&	0.002
&$Q^{1}_{t-5}$	&	0.898	&	0.093	&	0.004	&	0.002	&	0.003	\\
$Q^{2}_{t-1}$	&	0.048	&	0.883	&	0.065	&	0.004	&	0.000
&$Q^{2}_{t-5}$	&	0.091	&	0.783	&	0.114	&	0.011	&	0.000	\\
$Q^{3}_{t-1}$	&	0.002	&	0.066	&	0.863	&	0.068	&	0.001
&$Q^{3}_{t-5}$	&	0.005	&	0.110	&	0.748	&	0.135	&	0.002	\\
$Q^{4}_{t-1}$	&	0.002	&	0.003	&	0.066	&	0.883	&	0.046
&$Q^{4}_{t-5}$	&	0.002	&	0.010	&	0.125	&	0.774	&	0.088	\\
$Q^{5}_{t-1}$	&	0.002	&	0.001	&	0.002	&	0.044	&	0.951
&$Q^{5}_{t-5}$	&	0.002	&	0.002	&	0.004	&	0.083	&	0.909	\\
\hline
\end{tabular}
\end{table}